,t_dist,t_dist_seq,t_dist_mpi,k_dist
0,0.032329432,0.03177438099999999,0.0005550510000000078,1
1,0.0008384689999999945,0.0003256329999999988,0.0005128359999999957,1
2,0.002433877000000001,0.0010015710000000067,0.0014323059999999943,1
3,0.0076668920000000015,0.0034175669999999964,0.004249325000000005,1
4,0.029773134,0.013071545999999996,0.016701588000000003,1
5,0.12419037499999999,0.05644137499999999,0.067749,1
6,0.5448729729999999,0.242633977,0.3022389959999999,1
7,2.404514595,0.9927254570000001,1.411789138,1
8,10.395278994,4.412888687000002,5.9823903069999975,1
9,44.40461128,19.685925628,24.718685651999998,1
10,201.616090225,90.40217133100003,111.21391889399996,1
