[(0.00060155, 0.000457447, 0.000302437, 0, 0, 0, 0.00015500999999999997), (0.0007082570000000001, 0.0005767140000000001, 0, 0.00027683799999999995, 0.00018222900000000011, 7.957899999999998e-05, 3.806800000000004e-05)]
[(0.00036575400000000004, 0.00019714800000000007, 0.00013046300000000015, 0, 0, 0, 6.668499999999992e-05), (0.0008220609999999998, 0.0005468039999999997, 0, 0.000127706, 0.000315133, 6.532299999999994e-05, 3.8641999999999756e-05)]
[(0.0005525870000000002, 0.0002562689999999995, 0.0001433430000000002, 0, 0, 0, 0.0001129259999999993), (0.0015766830000000006, 0.0007825130000000012, 0, 0.00031062200000000085, 0.00034827200000000016, 8.327100000000021e-05, 4.0347999999999946e-05)]
[(0.0009064740000000009, 0.00034850499999999895, 0.000196, 0, 0, 0, 0.00015250499999999896), (0.004639892, 0.0021446910000000007, 0, 0.0009692109999999993, 0.0010116799999999992, 0.00011741400000000145, 4.638600000000069e-05), (0.0020657980000000006, 0.00041943100000000483, 0, 0.0001305249999999994, 0.0002260130000000006, 2.5570000000002535e-05, 3.73230000000023e-05)]
[(0.001549720000000001, 0.0005512719999999985, 0.0003315539999999978, 0, 0, 0, 0.0002197180000000007), (0.017336273, 0.008831016999999997, 0, 0.003626601, 0.0049792820000000015, 0.00016876499999999434, 5.636900000000056e-05), (0.006824068000000003, 0.0006334529999999922, 0, 0.00018735599999999963, 0.00037507799999999397, 3.1037999999997123e-05, 3.998100000000143e-05)]
[(0.003030969999999994, 0.0010753990000000047, 0.0005961920000000093, 0, 0, 0, 0.0004792069999999954), (0.06679511799999999, 0.03062265, 0, 0.014634004000000006, 0.015505274000000013, 0.00037037199999997994, 0.00011300000000000199), (0.03138174599999999, 0.002815469000000015, 0, 0.0013048009999999943, 0.0013737920000000126, 7.328200000000784e-05, 6.359400000000015e-05)]
[(0.0059694799999999715, 0.002056732000000061, 0.0011136050000000175, 0, 0, 0, 0.0009431270000000436), (0.278704333, 0.13885396200000005, 0, 0.06290529500000003, 0.07514619600000005, 0.0006495559999999401, 0.00015291500000003122), (0.12352474499999999, 0.01643146899999992, 0, 0.004111187999999988, 0.01199675, 0.00020921299999998588, 0.00011431799999994663)]
[(0.012229105000000073, 0.003911700999999823, 0.002095415999999961, 0, 0, 0, 0.001816284999999862), (1.2383177820000002, 0.662288636, 0, 0.28772594399999996, 0.37277995900000027, 0.0015659509999998988, 0.00021678199999985992), (0.5167970469999998, 0.07677104600000018, 0, 0.02079710400000012, 0.055565687000000086, 0.00025103400000014986, 0.00015722099999981864)]
[(0.025171487999999798, 0.0075702650000000204, 0.004310931000000018, 0, 0, 0, 0.0032593340000000026), (5.064382413000001, 2.729552363, 0, 1.2602773339999995, 1.463437355, 0.0037295640000003516, 0.0021081099999999964), (2.1931738359999997, 0.36768539499999875, 0, 0.1169141119999999, 0.24958619199999887, 0.0009489580000003883, 0.00023613299999958315)]
[(0.07153499999999724, 0.03216932799999839, 0.024695998999998636, 0, 0, 0, 0.007473328999999751), (21.987593336, 12.516426981999992, 0, 5.692931918999996, 6.807468714999999, 0.008494777000002784, 0.0075315709999941305), (9.322531828000002, 1.8185360149999923, 0, 0.4903814039999972, 1.323907160999994, 0.003774951000004023, 0.0004724989999971285)]
[(0.12547217899999907, 0.03285817700000848, 0.017536458000009247, 0, 0, 0, 0.015321718999999234), (92.27023405899999, 52.38736421799999, 0, 23.824772886000005, 28.23041888099999, 0.3021922679999989, 0.029980182999992167), (39.829125433, 9.63122049399999, 0, 3.0390703340000016, 6.581998131999995, 0.009047617999982549, 0.0011044100000106027)]
[(0.3050113030000148, 0.06468204899999819, 0.0338861339999994, 0, 0, 0, 0.030795914999998786), (426.802834077, 258.1484402320002, 0, 101.15027803200007, 151.63033221400008, 5.20117032600001, 0.16665966000005028), (163.74096831600002, 40.56101154800001, 0, 5.097664463000001, 35.18530222200002, 0.2765662900000052, 0.0014785729999857722)]
