,t_seq,t_dist,t_dist_seq,t_dist_mpi,k_dist
0,0.000136712,0.001138605,0.0003036210000000001,0.0008349839999999999,2
1,0.0004758080000000003,0.0017474329999999996,0.0006300140000000012,0.0011174189999999984,2
2,0.0017823699999999984,0.004507945000000001,0.0019577879999999968,0.0025501570000000043,2
3,0.006343437,0.014525651,0.006633499000000001,0.007892152,2
4,0.024837502999999983,0.05302813700000002,0.025066327000000013,0.027961810000000004,2
5,0.10500562399999991,0.21870316499999998,0.10520226099999996,0.11350090400000001,2
6,0.41924777099999977,0.9348812860000002,0.4401542310000004,0.4947270549999998,2
7,1.6895081879999996,4.061053876999999,1.8426394109999986,2.2184144660000005,2
8,6.763794502000003,17.76353098,7.928803654999999,9.834727325,2
